"Acid green","#B0BF1A",176,191,26,65.0,76.0,43.0
"African violet","#B284BE",178,132,190,288.0,31.0,63.0
"Air Force blue","#00308F",0,48,143,220.0,100.0,28.0
"Alabaster","#F2F0E6",242,240,230,346.0,32.0,93.0
"Alloy orange","#C46210",196,98,16,27.0,85.0,42.0
"Amaranth","#E52B50",229,43,80,348.0,78.0,53.0
"Amazon","#3B7A57",59,122,87,147.0,35.0,35.0
"Amber","#FFBF00",255,191,0,45.0,100.0,50.0
"Amethyst","#9966CC",153,102,204,270.0,50.0,60.0
"Antique bronze","#665D1E",102,93,30,53.0,55.0,26.0
"Apple green","#8DB600",141,182,0,74.0,100.0,36.0
"Apricot","#FBCEB1",251,206,177,24.0,90.0,84.0
"Aquamarine","#7FFFD4",127,255,212,160.0,100.0,75.0
"Army green","#4B5320",75,83,32,69.0,44.0,23.0
"Ash grey","#B2BEB5",178,190,181,135.0,8.0,72.0
"Atomic tangerine","#FF9966",255,153,102,20.0,100.0,70.0
"Auburn","#A52A2A",165,42,42,0.0,59.0,41.0
"Aztec Gold","#C39953",195,153,83,38.0,48.0,55.0
"Azure","#007FFF",0,127,255,210.0,100.0,50.0
"Baby blue","#89CFF0",137,207,240,199.0,77.0,74.0
"Banana yellow","#FFE135",255,225,53,51.0,100.0,60.0
"Barbie pink","#E0218A",224,33,138,327.0,75.0,50.0
"Barn red","#7C0A02",124,10,2,4.0,97.0,25.0
"Battleship grey","#848482",132,132,130,60.0,1.0,51.0
"Beige","#F5F5DC",245,245,220,60.0,56.0,91.0
"Black","#000000",0,0,0,0,0.0,0.0
"Black Coral","#54626F",84,98,111,209.0,14.0,38.0
"Blue","#0000FF",0,0,255,240.0,100.0,50.0
"Blue-green","#0D98BA",13,152,186,192.0,87.0,39.0
"Blue Jeans","#5DADEC",93,173,236,206.0,79.0,65.0
"Bone","#E3DAC9",227,218,201,39.0,32.0,84.0
"Brick red","#CB4154",203,65,84,352.0,57.0,53.0
"Bronze","#CD7F32",205,127,50,30.0,61.0,50.0
"Brown","#964B00",150,75,0,30.0,100.0,29.0
"Brown Yellow","#cc9966",204,153,102,30.0,50.0,60.0
"Bubble gum","#FFC1CC",255,193,204,349.0,100.0,88.0
"Burgundy","#800020",128,0,32,345.0,100.0,25.0
"Burnt sienna","#E97451",233,116,81,14.0,78.0,62.0
"Camouflage green","#78866B",120,134,107,91.0,11.0,47.0
"Candy pink","#E4717A",228,113,122,355.0,68.0,67.0
"Carrot orange","#ED9121",237,145,33,33.0,85.0,53.0
"Champagne","#F7E7CE",247,231,206,37.0,72.0,89.0
"Charcoal","#36454F",54,69,79,204.0,19.0,26.0
"Cherry","#DE3163",222,49,99,343.0,72.0,53.0
"Cherry blossom pink","#FFB7C5",255,183,197,348.0,100.0,86.0
"Chocolate","#7B3F00",123,63,0,31.0,100.0,24.0
"Cinnamon","#D2691E",210,105,30,25.0,75.0,47.0
"Cobalt Blue","#0047AB",0,71,171,215.0,100.0,34.0
"Coffee","#6F4E37",111,78,55,25.0,34.0,33.0
"Copper","#B87333",184,115,51,29.0,57.0,46.0
"Coral","#FF7F50",255,127,80,16.0,100.0,66.0
"Corn","#FBEC5D",251,236,93,54.0,95.0,67.0
"Cotton candy","#FFBCD9",255,188,217,334.0,100.0,87.0
"Cream","#FFFDD0",255,253,208,57.0,100.0,91.0
"Crimson","#DC143C",220,20,60,348.0,83.0,47.0
"Cyan","#00FFFF",0,255,255,180.0,100.0,50.0
"Dark gray","#A9A9A9",169,169,169,0,0.0,66.0
"Dark green","#013220",1,50,32,158.0,96.0,10.0
"Dark yellow","#9B870C",155,135,12,52.0,86.0,33.0
"Deep ruby","#843F5B",132,63,91,336.0,35.0,38.0
"Denim","#1560BD",21,96,189,213.0,80.0,41.0
"Desert sand","#EDC9AF",237,201,175,25.0,63.0,81.0
"Dirt","#9B7653",155,118,83,29.0,30.0,47.0
"Dollar bill","#85BB65",133,187,101,98.0,39.0,56.0
"Ebony","#555D50",85,93,80,97.0,8.0,34.0
"Eggplant","#614051",97,64,81,329.0,20.0,32.0
"Eggshell","#F0EAD6",240,234,214,46.0,46.0,89.0
"Emerald","#50C878",80,200,120,140.0,52.0,55.0
"Ferrari Red","#FF2800",255,40,0,9.0,100.0,50.0
"Fire engine red","#CE2029",206,32,41,357.0,73.0,47.0
"Flamingo pink","#FC8EAC",252,142,172,344.0,95.0,77.0
"Fluorescent orange","#FFBF00",255,191,0,45.0,100.0,50.0
"Forest green","#014421",1,68,33,149.0,97.0,14.0
"French wine","#AC1E44",172,30,68,344.0,70.0,40.0
"Fuchsia","#FF00FF",255,0,255,300.0,100.0,50.0
"Fuzzy Wuzzy","#CC6666",204,102,102,0.0,50.0,60.0
"Ginger","#B06500",176,101,0,34.0,100.0,35.0
"Metallic Gold","#D4AF37",212,175,55,46.0,65.0,52.0
"Gold","#FFD700",255,215,0,51.0,100.0,50.0
"Grape","#6F2DA8",111,45,168,272.0,58.0,42.0
"Gray","#808080",128,128,128,0.0,0.0,50.0
"Gray-blue","#8C92AC",140,146,172,229.0,16.0,61.0
"Green","#00FF00",0,255,0,120.0,100.0,50.0
"Gunmetal","#2a3439",42,52,57,200.0,15.0,19.0
"Hot magenta","#FF1DCE",255,29,206,313.0,100.0,56.0
"Hot pink","#FF69B4",255,105,180,330.0,100.0,71.0
"Imperial purple","#66023C",102,2,60,325.0,96.0,20.0
"Indigo","#4B0082",75,0,130,266.0,100.0,26.0
"Ivory","#FFFFF0",255,255,240,60.0,100.0,97.0
"Jade","#00A86B",0,168,107,158.0,100.0,33.0
"Jasmine","#F8DE7E",248,222,126,47.0,90.0,73.0
"Lava","#CF1020",207,16,32,355.0,86.0,44.0
"Lavender","#E6E6FA",230,230,250,240.0,67.0,94.0
"Lemon","#FFF700",255,247,0,58.0,100.0,50.0
"Licorice","#1A1110",26,17,16,6.0,24.0,8.0
"Light moss green","#ADDFAD",173,223,173,120.0,44.0,78.0
"Lilac","#C8A2C8",200,162,200,300.0,26.0,71.0
"Lime green","#32CD32",50,205,50,120.0,61.0,50.0
"Magenta","#FF00FF",255,0,255,300.0,100.0,50.0
"Maroon","#C32148",195,33,72,346.0,71.0,45.0
"May green","#4C9141",76,145,65,112.0,38.0,41.0
"Midnight","#702670",112,38,112,300.0,49.0,29.0
"Midnight blue","#191970",25,25,112,240.0,64.0,27.0
"Milk","#FDFFF5",253,255,245,72.0,100.0,98.0
"Moss green","#8A9A5B",138,154,91,75.0,26.0,48.0
"Mustard","#FFDB58",255,219,88,47.0,100.0,67.0
"Myrtle green","#317873",49,120,115,176.0,42.0,33.0
"Navy","#000080",0,0,128,240.0,100.0,25.0
"Ochre","#CC7722",204,119,34,30.0,71.0,47.0
"Ogre Odor","#FD5240",253,82,64,6.0,98.0,62.0
"Olive","#808000",128,128,0,60.0,100.0,25.0
"Onyx","#353839",53,56,57,195.0,4.0,22.0
"Orange","#FF7F00",255,127,0,30.0,100.0,50.0
"Orange-yellow","#F8D568",248,213,104,45.0,91.0,69.0
"Pale plum","#DDA0DD",221,160,221,300.0,47.0,75.0
"Pearl","#EAE0C8",234,224,200,42.0,45.0,85.0
"Persimmon","#EC5800",236,88,0,22.0,100.0,46.0
"Piggy pink","#FDDDE6",253,221,230,343.0,89.0,93.0"Pine green","#01796F",1,121,111,175.0,98.0,24.0
"Pink","#FFC0CB",255,192,203,350.0,100.0,88.0
"Platinum","#E5E4E2",229,228,226,40.0,5.0,89.0
"Plum","#8E4585",142,69,133,307.0,35.0,41.0
"Prune","#701C1C",112,28,28,0.0,60.0,27.0
"Prussian blue","#003153",0,49,83,205.0,100.0,16.0
"Pumpkin","#FF7518",255,117,24,24.0,100.0,55.0
"Purple","#800080",128,0,128,300.0,100.0,25.0
"Raisin black","#242124",36,33,36,300.0,4.0,14.0
"Razzmatazz","#E3256B",227,37,107,338.0,77.0,52.0
"Red","#FF0000",255,0,0,0.0,100.0,50.0
"Red Salsa","#FD3A4A",253,58,74,355.0,98.0,61.0
"Roast coffee","#704241",112,66,65,1.0,27.0,35.0
"Rose","#FF007F",255,0,127,330.0,100.0,50.0
"Royal blue","#002366",0,35,102,219.0,100.0,20.0
"Ruby","#E0115F",224,17,95,337.0,86.0,47.0
"Rust","#B7410E",183,65,14,18.0,86.0,39.0
"Safety orange","#FF7800",255,120,0,28.0,100.0,50.0
"Salmon","#FA8072",250,128,114,6.0,93.0,71.0
"Sapphire","#0F52BA",15,82,186,216.0,85.0,39.0
"Scarlet","#FF2400",255,36,0,8.0,100.0,50.0
"Shamrock green","#009E60",0,158,96,156.0,100.0,31.0
"Silver","#C0C0C0",192,192,192,0,0.0,75.0
"Sky blue","#87CEEB",135,206,235,197.0,71.0,73.0
"Smashed Pumpkin","#FF6D3A",255,109,58,16.0,100.0,61.0
"Steel pink","#CC33CC",204,51,204,300.0,60.0,50.0
"Strawberry","#FC5A8D",252,90,141,341.0,96.0,67.0
"Sunset orange","#FD5E53",253,94,83,4.0,98.0,66.0
"Tan","#D2B48C",210,180,140,34.0,44.0,69.0
"Taupe","#483C32",72,60,50,27.0,18.0,24.0
"Teal","#008080",0,128,128,180.0,100.0,25.0
"Tickle Me Pink","#FC89AC",252,137,172,342.0,95.0,76.0
"Tomato","#FF6347",255,99,71,9.0,100.0,64.0
"Tulip","#FF878D",255,135,141,357.0,100.0,76.0
"Ultramarine","#3F00FF",18,10,143,244.0,87.0,30.0
"University of California Gold","#B78727",183,135,39,40.0,65.0,44.0
"Unmellow yellow","#FFFF66",255,255,102,60.0,100.0,70.0
"Vanilla","#F3E5AB",243,229,171,48.0,75.0,81.0
"Vermilion","#E34234",227,66,52,5.0,76.0,55.0
"Violet","#8F00FF",143,0,255,274.0,100.0,50.0
"Vivid gamboge","#FF9900",255,153,0,36.0,100.0,50.0
"White","#FFFFFF",255,255,255,0,0.0,100.0
"White smoke","#F5F5F5",245,245,245,0,0.0,96.0
"Wine dregs","#673147",103,49,71,336.0,36.0,30.0
"Yellow","#FFFF00",255,255,0,60.0,100.0,50.0
"Yellow Sunshine","#FFF700",255,247,0,58.0,100.0,50.0